4294967279,226
4294967278,358
4294967279,224
4294967278,357
4294967278,138
4294967279,222
4294967278,286
4294967278,355
4294967279,23
4294967279,220
4294967278,275
4294967279,19
4294967279,11
4294967278,261
4294967278,354
4294967279,416
4294967278,382
4294967279,218
4294967278,380
4294967279,16
4294967278,378
4294967279,252
4294967279,415
4294967278,241
4294967278,233
4294967278,441
4294967278,210
4294967279,216
4294967279,290
4294967279,157
4294967279,138
4294967279,496
4294967278,353
4294967278,352
4294967279,134
4294967278,351
4294967278,154
4294967278,350
4294967279,318
4294967279,395
4294967278,349
4294967279,133
4294967279,394
4294967279,444
4294967278,423
4294967278,328
4294967278,390
4294967279,443
4294967278,404
4294967279,300
4294967278,249
4294967279,480
4294967278,331
4294967279,244
4294967279,442
4294967279,275
4294967278,348
4294967279,387
4294967278,346
4294967278,415
4294967279,441
4294967279,440
4294967279,439
4294967279,299
4294967278,301
4294967279,305
4294967278,290
4294967279,466
4294967278,288
4294967279,257
4294967278,409
4294967279,498
4294967278,345
4294967279,385
4294967278,323
4294967279,459
4294967279,474
4294967278,408
4294967279,296
4294967278,287
4294967279,438
4294967278,321
4294967279,302
4294967278,320
4294967279,497
4294967278,392
4294967279,435
4294967279,437
4294967278,285
4294967278,344
4294967278,421
4294967278,343
4294967278,397
4294967279,464
4294967279,484
4294967278,234
4294967278,430
4294967279,428
4294967278,420
4294967278,304
4294967278,342
4294967279,287
4294967278,429
4294967278,166
4294967278,160
4294967279,412
4294967278,251
4294967278,293
4294967279,158
4294967278,156
4294967278,250
4294967278,246
4294967279,319
4294967279,289
4294967278,276
4294967278,139
4294967279,276
4294967279,264
4294967279,471
4294967279,409
4294967279,315
4294967279,434
4294967278,341
4294967278,230
4294967278,258
4294967278,424
4294967279,309
4294967279,503
4294967278,445
4294967278,242
4294967279,308
4294967279,406
4294967279,433
4294967279,2
4294967279,501
4294967279,432
4294967279,306
4294967278,340
4294967279,269
4294967278,226
4294967278,224
4294967279,431
4294967279,393
4294967278,434
4294967278,327
4294967279,499
4294967278,339
4294967278,414
4294967278,433
4294967279,476
4294967278,174
4294967279,414
4294967278,326
4294967279,463
4294967278,325
4294967279,386
4294967278,322
4294967279,475
4294967278,240
4294967278,399
4294967278,410
4294967279,430
4294967279,88
4294967278,315
4294967278,432
4294967278,338
4294967279,413
4294967279,303
4294967278,201
4294967294,243
4294967294,242
4294967294,240
4294967294,239
4294967294,234
4294967294,223
4294967294,197
4294967294,195
4294967294,194
4294967294,193
4294967294,192
4294967294,60
4294967294,127
4294967294,18
4294967294,11
4294967294,68
4294967279,195
4294967278,193
4294967279,192
4294967279,189
4294967278,366
4294967279,186
4294967278,255
4294967279,473
4294967278,181
4294967279,182
4294967278,180
4294967279,405
4294967278,177
4294967279,458
4294967278,283
4294967278,362
4294967279,404
4294967278,132
4294967278,131
4294967278,130
4294967278,129
4294967278,128
4294967278,127
4294967278,126
4294967278,125
4294967278,124
4294967278,123
4294967278,122
4294967278,121
4294967278,120
4294967278,119
4294967278,118
4294967278,117
4294967278,116
4294967278,115
4294967278,114
4294967278,113
4294967278,112
4294967278,111
4294967278,110
4294967278,347
4294967278,422
4294967278,109
4294967278,108
4294967278,107
4294967278,442
4294967278,106
4294967278,105
4294967278,104
4294967278,103
4294967278,333
4294967278,102
4294967278,101
4294967278,100
4294967278,99
4294967278,98
4294967278,97
4294967278,96
4294967278,95
4294967278,94
4294967278,93
4294967278,92
4294967278,91
4294967278,90
4294967278,89
4294967278,87
4294967278,86
4294967278,85
4294967278,84
4294967278,83
4294967278,260
4294967278,82
4294967278,81
4294967278,80
4294967278,79
4294967278,78
4294967278,77
4294967278,76
4294967278,75
4294967278,74
4294967278,73
4294967278,72
4294967278,71
4294967278,70
4294967278,69
4294967278,68
4294967278,67
4294967278,66
4294967278,65
4294967278,64
4294967278,63
4294967278,62
4294967278,337
4294967278,310
4294967279,86
4294967279,84
4294967279,83
4294967279,82
4294967279,80
4294967279,75
4294967279,73
4294967279,70
4294967279,68
4294967279,67
4294967279,65
4294967279,59
4294967279,56
4294967279,52
4294967279,48
4294967279,46
4294967279,41
4294967279,39
4294967279,34
4294967279,33
4294967279,32
4294967279,31
4294967279,30
4294967279,29
4294967279,28
4294967279,25
4294967279,24
4294967279,20
4294967279,15
4294967279,9
4294967279,7
4294967279,4
4294967279,429
4294967279,260
4294967279,58
4294967279,45
4294967279,166
4294967278,163
4294967279,51
4294967278,159
160,6
160,5
4294967278,158
160,4
160,3
160,2
160,1
4294967278,157
4294967279,42
4294967278,152
4294967279,152
4294967278,151
4294967278,150
4294967279,38
4294967278,146
4294967278,148
4294967278,147
4294967278,244
4294967279,147
4294967294,392
4294967294,389
4294967294,388
4294967294,114
0,5
4294967279,145
4294967278,144
4294967279,144
4294967278,143
4294967279,143
78,4
4294967278,142
4294967279,142
157,4
157,3
157,2
157,1
4294967278,140
4294967294,221
4294967279,491
4294967279,18
4294967294,81
4294967294,50
4294967279,284
4294967279,174
4294967279,0
4294967294,46
4294967279,26
4294967294,202
4294967294,399
4294967294,398
4294967294,183
4294967294,406
4294967294,412
4294967294,404
4294967294,465
4294967294,112
4294967294,467
4294967294,453
4294967294,164
4294967278,136
4294967279,293
4294967294,38
4294967294,37
4294967294,36
4294967294,39
4294967279,135
4294967278,134
4294967279,292
4294967294,425
4294967278,273
4294967279,271
4294967279,273
156,5
4294967278,272
156,4
4294967279,272
156,3
156,2
156,1
4294967294,40
4294967294,1
4294967294,2
4294967294,0
4294967279,291
4294967279,270
4294967279,390
4294967279,489
4294967278,269
4294967294,107
4294967294,267
4294967279,268
4294967294,94
4294967294,96
4294967278,267
4294967279,267
4294967278,282
4294967279,285
4294967279,265
4294967279,266
4294967279,504
4294967278,264
154,9
4294967279,263
4294967294,53
4294967294,43
4294967279,283
4294967278,262
154,8
4294967294,17
4294967294,42
4294967294,99
4294967294,76
4294967294,41
4294967294,417
4294967294,51
